1.0 0.999617870301 0.985076442613 0.765998175303 0.843258282996 0.759094100898 0.771556613659 0.916195381804 0.993430694319 0.985211523976 0.998729280038 0.99223016266 0.994281332591 0.7352821942 0.864712976002 0.99985929066 0.986227880168 0.970768964187 0.795462528273 0.99258158932 0.992316167973 0.749790778462 0.966889736252 0.999896645293 0.901210299941 0.99629929118 0.981891007191 0.973286736071 0.97579497058 0.822020106361 0.982539221003 0.879005332904 0.99106394063 0.989522447929 0.745330447316 0.995064142921 0.999964038992 0.995688057034 0.729030358063 0.804407472868 0.892625553454 0.973139405398 0.984909545094 0.725649259155 0.997926609164 0.986213655366 0.997721177983 0.882781251793 0.999970080831 0.995424475786 0.727170409766 0.926237495956 0.775074782745 0.829273569885 0.769852188246 0.906147442594 0.877929545786 0.776878169175 0.944429522868 0.997154490635 0.960896469152 0.730981594985 0.900228915647 0.983396968657 0.984689662243 0.915919042484 0.995690595442 0.975374231422 0.853346398016 0.946306013533 0.754574546563 0.995527871905 0.998059992868 0.745890220663 0.995620096386 0.929605755386 0.996640802233 0.998843547436 0.975562769574 0.997986900034 0.932991756723 0.989347388395 0.869879560341 0.764863652443 0.857071789536 0.987898097362 0.990621938714 0.915580968306 0.991278392651 0.934091420892 0.990211596512 0.997873409353 0.769015349599 0.999485849937 0.988612401375 0.849592825799 0.999566690064 0.987365474128 0.885692655437 0.976215806997 
0.999617870301 1.0 0.989432498104 0.750402611408 0.829436793705 0.743386332272 0.756056263183 0.905312152697 0.989903802729 0.989546494249 0.999740550356 0.995282041504 0.996848747785 0.719236420968 0.851592595373 0.999013740265 0.98132210994 0.963884715195 0.780424127405 0.995555601666 0.995349160865 0.733942107397 0.959610583665 0.999117312277 0.88957698431 0.998292477071 0.976341454515 0.966675282609 0.969470283323 0.807604745188 0.977080110088 0.866417870333 0.994361975728 0.993121552055 0.729418297644 0.997423439391 0.999347573442 0.997869096281 0.712907837207 0.789565232028 0.880603233538 0.966511593102 0.979797738059 0.709487226553 0.999323806157 0.990388903703 0.999204273833 0.870344506684 0.999374201071 0.992412842032 0.711025981797 0.91591644344 0.759636999109 0.815050775218 0.754322171886 0.894750661321 0.865299935796 0.761473160233 0.935283421895 0.994695142156 0.953057618372 0.714882510399 0.888549734262 0.988007131764 0.979544447337 0.905021070381 0.992755912967 0.969000304626 0.839840868348 0.93729518516 0.738796874613 0.992545856677 0.995961068224 0.729985895171 0.997821162709 0.919485722581 0.998522125892 0.997134742944 0.969210848432 0.99935808129 0.923080782452 0.984975668785 0.856945253256 0.749249193884 0.843688959544 0.991790393825 0.986492162682 0.904665009526 0.994532467766 0.924249926303 0.993679163287 0.999293247752 0.753470920689 0.999990216997 0.992378475643 0.835967007868 0.998371722647 0.991349363457 0.87337516084 0.969940855539 
0.985076442613 0.989432498104 1.0 0.664824075175 0.750678704374 0.657428540804 0.670807146381 0.839359513784 0.959313813187 0.99999968596 0.992465958084 0.998824004384 0.997803632228 0.632211693444 0.775773612973 0.982076617219 0.943853682892 0.916728817844 0.696851566023 0.998680934328 0.998790044262 0.64752399676 0.910548616182 0.982521860779 0.820248858553 0.99619645388 0.93569644754 0.92084163718 0.92503139097 0.726441358702 0.936879984557 0.792889791729 0.999223087641 0.999600402183 0.64279953884 0.997270645286 0.983593408575 0.996769307503 0.625661837028 0.706735817419 0.809548998466 0.92059852972 0.941310201921 0.622131315358 0.994078835578 0.999976974571 0.994412060222 0.797471987138 0.983726464068 0.964418489012 0.623718680432 0.852530135311 0.674607767742 0.734657384478 0.668969720758 0.826480554946 0.79158910855 0.67656012122 0.8773488201 0.969497875198 0.901311005683 0.627703040003 0.81901717255 0.999954155368 0.940891885485 0.839001531551 0.965150363637 0.92432157981 0.76239561613 0.87999523858 0.652608307345 0.96470111864 0.972597429339 0.643391618071 0.99682768782 0.857024009543 0.995833713672 0.975763084725 0.924639289638 0.993976059087 0.861584325787 0.950159428382 0.78192112485 0.663606083723 0.766758874552 0.999849266219 0.952882439533 0.838563880571 0.99915776685 0.863075081146 0.99945063544 0.994167580148 0.668068489778 0.99006097571 0.999756572067 0.758019538067 0.979635227222 0.999902773115 0.801023546514 0.925744356797 
0.765998175303 0.750402611408 0.664824075175 1.0 0.989362352334 0.999924402934 0.999950298715 0.952558679435 0.827510518146 0.665300120425 0.737367657344 0.693797490453 0.704327987078 0.998540438504 0.98192641127 0.775329829764 0.853132607185 0.88835530225 0.998561129844 0.69549820761 0.694210278125 0.999587566477 0.895149301309 0.774002161817 0.96314060097 0.716656182321 0.864800940062 0.883613904313 0.878588486979 0.994597475236 0.863173392278 0.9755929995 0.688400093264 0.681754566694 0.999332444199 0.708815044818 0.770728552314 0.712641101939 0.997898633536 0.997524973061 0.968369322527 0.883899320265 0.856887857657 0.997504702642 0.72928168282 0.668897787477 0.727472433102 0.973713510743 0.770313960543 0.81772240118 0.997685972472 0.94425474531 0.99986691773 0.993029202444 0.999976153629 0.959870706416 0.976112039861 0.999808366625 0.926039083761 0.807104206693 0.904631078484 0.998111064441 0.96376698863 0.659066394153 0.857494913248 0.952772402422 0.816250779319 0.879454340811 0.986154740302 0.923875643746 0.999794052553 0.817156275328 0.800104392925 0.999367748724 0.712212031333 0.941216555732 0.719038890027 0.79246531792 0.879067532363 0.729828954938 0.938020909769 0.843309184657 0.979773872672 0.999997945391 0.984843123643 0.675235207674 0.838816818584 0.953032854557 0.689366347063 0.936950987885 0.68466403601 0.728805134579 0.999985399282 0.747884075023 0.678047701943 0.987405880723 0.782304312143 0.673188731226 0.972201406879 0.877712673111 
0.843258282996 0.829436793705 0.750678704374 0.989362352334 1.0 0.987510075466 0.990756798745 0.98639334473 0.895806016284 0.751129160228 0.817748938828 0.777855319356 0.787608333492 0.980139951087 0.998999622514 0.85143955771 0.916582308854 0.943730694203 0.99572301447 0.779435077969 0.778238910397 0.984808595073 0.948736962651 0.850279754027 0.99186499139 0.798938156039 0.925776274496 0.940188122491 0.936392125459 0.999111554957 0.924504883831 0.997112038188 0.772830202545 0.766619103544 0.983431608096 0.79174317809 0.847414060996 0.795258856208 0.977962056262 0.997127486159 0.994260836409 0.940402461322 0.919560918918 0.976743445144 0.810439211709 0.754529268612 0.808797582023 0.996430687021 0.847050527424 0.887678722306 0.977295212333 0.981651793394 0.99159390101 0.999608927023 0.990338508722 0.990254180323 0.997291597558 0.99200913057 0.970250834099 0.878754403529 0.955574201641 0.97865234456 0.992164274202 0.745220383259 0.920040707129 0.986510718242 0.88644840934 0.937049087764 0.999785066746 0.968822800766 0.986226791181 0.88720568106 0.872813040983 0.983607289899 0.794865056925 0.979837237958 0.801116674313 0.866278655312 0.936755747253 0.81093534776 0.977887772642 0.908707066696 0.998438531715 0.989067049456 0.999593302814 0.760500633855 0.905067194908 0.986653411757 0.773731098854 0.977226223728 0.769341603961 0.810007027029 0.990130114962 0.827187949846 0.763143228783 0.999916016559 0.857508820967 0.758574895577 0.995849581752 0.935726389267 
0.759094100898 0.743386332272 0.657428540804 0.999924402934 0.987510075466 1.0 0.999752131272 0.948842055691 0.821210569242 0.657905701786 0.730268663175 0.686489033244 0.69706117597 0.999128752296 0.979549008552 0.768500161158 0.847176277304 0.88298917431 0.997826989066 0.688196105267 0.686903350318 0.999865083867 0.889916301709 0.767161563511 0.95982771664 0.709445239999 0.859023374913 0.878158961857 0.873042863986 0.993250209074 0.857369972509 0.972856269505 0.68107240086 0.674405114753 0.999706037561 0.701567666504 0.763861495264 0.705411105377 0.998619348669 0.996586479986 0.965282023305 0.878449632925 0.850987417516 0.998296643271 0.722136208914 0.661512134099 0.720317051795 0.970880435477 0.763443601991 0.811306984395 0.998445901765 0.940259219198 0.999590776864 0.99151100598 0.999815651506 0.95642628717 0.973402646755 0.999492138009 0.921516297896 0.800572448785 0.899596435099 0.998790554172 0.960480088688 0.651658174944 0.851603651333 0.949063351628 0.809818697006 0.873924096093 0.984057545004 0.919296482381 0.999968001278 0.810734426361 0.793500746006 0.999729310377 0.704980048007 0.937125734206 0.711839653569 0.785787373593 0.873530405175 0.722686513045 0.933833309913 0.837213603011 0.977267515759 0.999947273021 0.982654602726 0.667866438385 0.832660753096 0.94933306153 0.682041994553 0.932731734653 0.67732385146 0.721657033811 0.999843363912 0.740851047454 0.670687022032 0.985400214597 0.775533978595 0.665814307066 0.969293614248 0.872151596821 
0.771556613659 0.756056263183 0.670807146381 0.999950298715 0.990756798745 0.999752131272 1.0 0.955476840698 0.832561734106 0.671282171607 0.743091860776 0.69970279973 0.710196859789 0.997952891825 0.983749107144 0.780825370004 0.857897661394 0.892631150284 0.999045886695 0.701397935568 0.700114243374 0.999251680148 0.899315113642 0.779506931038 0.965727968967 0.722476586185 0.86941755298 0.887963218343 0.883012860802 0.995580700707 0.867811458312 0.977709133838 0.694322353069 0.687696124007 0.998918739727 0.714667013031 0.776255677446 0.718477992789 0.997203942885 0.99817577325 0.970772074835 0.888244286014 0.86160647435 0.996752389877 0.735045708784 0.674871857279 0.733244967348 0.97590838154 0.775843876692 0.822870077799 0.996959555787 0.947401720974 0.999979871419 0.994151546525 0.999995305432 0.962565789434 0.978205838132 0.999953844904 0.929619380058 0.812349262896 0.908633119692 0.997449730703 0.966333083861 0.665061139798 0.862205906489 0.955684354319 0.821412392954 0.883865981749 0.987748837684 0.92750233477 0.999542075987 0.822309330575 0.805409730331 0.998963788395 0.718050643656 0.944441773205 0.724849184516 0.797833055588 0.883484871649 0.735590378558 0.941325619474 0.848190061797 0.981701838302 0.999928034636 0.98651170472 0.681194036876 0.843748061661 0.955937215888 0.695285657067 0.940281704533 0.690597356579 0.734571415708 0.999989574266 0.753551984016 0.683999279696 0.988925348933 0.787749806289 0.679152647698 0.974457356371 0.882149843488 
0.916195381804 0.905312152697 0.839359513784 0.952558679435 0.98639334473 0.948842055691 0.955476840698 1.0 0.95496558046 0.839753013676 0.895927213208 0.862790412759 0.871037764517 0.935274217024 0.992731563467 0.922518940719 0.968783166305 0.984837469301 0.967236621968 0.864132318705 0.863116460538 0.943676837788 0.987456534943 0.921628129652 0.999289028614 0.880503472295 0.974517890278 0.982908632675 0.980778831071 0.978662852289 0.973740917205 0.996005073201 0.858506732888 0.853180769842 0.941138039574 0.874506943084 0.919419006463 0.877443473122 0.931527059046 0.971288009341 0.998305561322 0.98302699655 0.970669769197 0.929469565995 0.889978758429 0.842717799973 0.88863481932 0.99672778297 0.919137951481 0.949289006231 0.930397897767 0.999637702809 0.957289016946 0.981453120037 0.954589143443 0.999673001056 0.995787832641 0.958207299557 0.996786198998 0.942904983349 0.990802352434 0.932704589707 0.999196399992 0.834578171747 0.970971168285 0.999999740524 0.948417957194 0.981151863042 0.989571876021 0.996295227147 0.946355005563 0.948954451054 0.938574182167 0.941458847093 0.877115154334 0.999341165243 0.882308837436 0.933741744894 0.980985524019 0.890384354108 0.998945182877 0.963674086439 0.99400921531 0.951954880314 0.9906584562 0.847901227232 0.961257474522 0.999998719494 0.859276388103 0.998794382654 0.855519496787 0.889625226773 0.954150987814 0.903518901423 0.850185451815 0.988428752993 0.92714905477 0.846232886167 0.997241617335 0.980398984376 
0.993430694319 0.989903802729 0.959313813187 0.827510518146 0.895806016284 0.821210569242 0.832561734106 0.95496558046 1.0 0.959532666463 0.986440406348 0.971677396915 0.975678289346 0.799272440048 0.91389107569 0.995205943227 0.998663022621 0.991743151559 0.854062585709 0.972341677332 0.971839264272 0.812677257963 0.989587002182 0.994969108917 0.943422761703 0.980017140658 0.997088237053 0.993074422077 0.994338642281 0.877481825719 0.997347489283 0.925662354648 0.96952348015 0.966776693823 0.80856863413 0.977301028002 0.994362708428 0.978645473562 0.793461050926 0.862008506965 0.936640357886 0.992998157133 0.998227004244 0.790309567091 0.984064553317 0.96116987151 0.983509614577 0.928730673998 0.99428364585 0.999818719551 0.7917281535 0.962453249191 0.835749033566 0.883783355876 0.831014848491 0.947269920806 0.924784849817 0.837379818411 0.97536768538 0.999227262994 0.986047354964 0.795277046817 0.942653239222 0.956625973243 0.998150331298 0.954756511278 0.999760772775 0.994131274147 0.904367303332 0.976641410584 0.81707130878 0.999797359083 0.998623206801 0.809084878908 0.978496510361 0.964912939805 0.980812012732 0.997777619989 0.994224442691 0.984230744349 0.967356600666 0.999502694831 0.918173844884 0.826477220471 0.90750354951 0.963981502142 0.999747738201 0.954500527759 0.969914173132 0.968143646489 0.967992064403 0.983919206608 0.830254706374 0.989270528992 0.965199509941 0.901193298386 0.99636251881 0.963083704731 0.931083771274 0.994544054887 
0.985211523976 0.989546494249 0.99999968596 0.665300120425 0.751129160228 0.657905701786 0.671282171607 0.839753013676 0.959532666463 1.0 0.992562383682 0.998862092406 0.997855759781 0.632691487057 0.776211604065 0.982224346139 0.944107711978 0.917031537791 0.697320887159 0.998721286993 0.998828681844 0.648002405158 0.910860785898 0.982667788876 0.82065792828 0.996265068203 0.935966558219 0.921137775119 0.925320563125 0.726901559192 0.937147849514 0.793317758848 0.999253995944 0.99962248624 0.643278444292 0.99732876735 0.983734898362 0.996832546593 0.62614202602 0.707202415232 0.809965906087 0.920895063594 0.941569401972 0.622611669269 0.994164387192 0.999982038528 0.994495181548 0.797897045314 0.983867391957 0.964623949603 0.624198964348 0.852911612581 0.675082089735 0.735114521119 0.669445070511 0.826884776974 0.792017883578 0.677034065108 0.877704315698 0.969688834107 0.901636404522 0.628183118287 0.819427175294 0.999946252944 0.94115192185 0.839395342841 0.965353812724 0.924611951398 0.76284056758 0.880347674939 0.653086110388 0.964905805352 0.972778843405 0.643870464665 0.996890352812 0.857401120521 0.99590552044 0.975934095941 0.924929125359 0.994062346031 0.861956860099 0.950399950081 0.78235566466 0.664082323698 0.767201636847 0.999862711061 0.95311679309 0.838958071491 0.999189959651 0.863446086535 0.999476580652 0.994252491535 0.668543995044 0.990171573133 0.999773741755 0.758466608363 0.979792423588 0.999913509719 0.801446281666 0.926032316025 
0.998729280038 0.999740550356 0.992465958084 0.737367657344 0.817748938828 0.730268663175 0.743091860776 0.895927213208 0.986440406348 0.992562383682 1.0 0.997230751629 0.998395536963 0.705873184655 0.840448716429 0.997744301956 0.976737075107 0.957698783513 0.767805756591 0.997439674997 0.997282192494 0.72072132801 0.953106401569 0.997902263006 0.879599098446 0.999363581331 0.971234362968 0.960709455445 0.963736056759 0.795460127625 0.972046295316 0.855690175213 0.996515113841 0.995524918163 0.716151386711 0.998797737252 0.998266340912 0.999095732211 0.699489843356 0.777095287016 0.870318997162 0.960532560951 0.975045508392 0.696041233163 0.999902001941 0.993271730719 0.999853461625 0.85973487844 0.998309886696 0.989369753192 0.697592446478 0.906977632135 0.746719120705 0.803053792526 0.741335754312 0.884959452969 0.854539251156 0.748579700832 0.927281179226 0.992103256055 0.946103168137 0.701481188144 0.878535684454 0.991252429309 0.974765117987 0.895624450245 0.989775648684 0.963226294679 0.828397603927 0.929401099953 0.725627936536 0.98952694735 0.993664020002 0.716724658367 0.999064384691 0.910706763183 0.99950065328 0.995157161137 0.963454617265 0.999914779411 0.914468241559 0.980824500887 0.845946449607 0.736200277223 0.832340933384 0.994437650648 0.98253778346 0.895254140187 0.99664908743 0.915692732236 0.995973177888 0.999890154131 0.740473818146 0.999831515657 0.994920709646 0.824430511288 0.996815447467 0.99407285408 0.862859054472 0.964246820045 
0.99223016266 0.995282041504 0.998824004384 0.693797490453 0.777855319356 0.686489033244 0.69970279973 0.862790412759 0.971677396915 0.998862092406 0.997230751629 1.0 0.999841547131 0.661496003756 0.802115883221 0.990013934263 0.958420050261 0.934362279953 0.725330030887 0.999995887029 0.999999757871 0.676685716152 0.928780129529 0.990347544218 0.844690339476 0.999247944949 0.951273331109 0.938059120222 0.9418091359 0.754281725965 0.952315615111 0.818568856028 0.999958728999 0.999795217949 0.672003431403 0.999676913977 0.99114404663 0.999490170274 0.654986272105 0.735021214873 0.834502084206 0.937841022577 0.956201247025 0.651474366117 0.998173210621 0.999129870853 0.998356693321 0.822959579022 0.991242289657 0.975945912245 0.653053621127 0.875184985047 0.703450580669 0.762287592846 0.697889957455 0.850606634339 0.817321423527 0.705374740392 0.898336682497 0.98012136281 0.920381505948 0.657015752178 0.843519443437 0.998314363184 0.95583546351 0.86245257694 0.976552313958 0.941175007435 0.789202192255 0.900787598724 0.681720245913 0.976180265647 0.982626759 0.672590439692 0.999513247769 0.879397814702 0.999081648396 0.985145550825 0.941458902906 0.998115748156 0.883663961802 0.963878755295 0.808034400993 0.692594523876 0.793419025766 0.999515014832 0.966215464018 0.862039490179 0.999972169338 0.88505653556 0.999882042733 0.998222504357 0.697000556108 0.995700550147 0.999650380327 0.784968220301 0.988159773325 0.999402753768 0.826358511342 0.942445582343 
0.994281332591 0.996848747785 0.997803632228 0.704327987078 0.787608333492 0.69706117597 0.710196859789 0.871037764517 0.975678289346 0.997855759781 0.998395536963 0.999841547131 1.0 0.672182692235 0.811526443132 0.992356853688 0.96325299056 0.940362813013 0.735636001463 0.999888487191 0.999853691702 0.687307854965 0.935009738068 0.992648869111 0.8533374377 0.999779784547 0.956489711426 0.94390060804 0.947482742702 0.764312644828 0.957478327058 0.827710901049 0.999638585517 0.999276692295 0.68264712184 0.99997097267 0.993342934096 0.999900125292 0.665695938365 0.74524280657 0.843352963667 0.943692066103 0.961157260759 0.662195283367 0.999090053164 0.998229775291 0.999218203965 0.832024578195 0.993428216088 0.979632234278 0.66376957766 0.883127468574 0.713920203989 0.77222983452 0.708395470711 0.85912860191 0.826484930965 0.715831417209 0.905629274505 0.983468356102 0.92693335394 0.667718551936 0.852190701183 0.997124517939 0.960811401563 0.870707865813 0.980191489374 0.9468774902 0.798802565633 0.908004358061 0.692317539793 0.979848446074 0.985751116596 0.683231509788 0.999910193491 0.887230282896 0.999685945571 0.988027879795 0.947148483242 0.999049338328 0.891381482826 0.968391151985 0.817351933822 0.703132135938 0.802959351377 0.998802633094 0.970581924089 0.870304458297 0.999680934878 0.892735737039 0.999450274978 0.999124767542 0.707511601447 0.997189386382 0.99902153636 0.794627053314 0.99072166522 0.998629676124 0.835362230571 0.948090001372 
0.7352821942 0.719236420968 0.632211693444 0.998540438504 0.980139951087 0.999128752296 0.997952891825 0.935274217024 0.799272440048 0.632691487057 0.705873184655 0.661496003756 0.672182692235 1.0 0.970423816044 0.744914784115 0.826327221643 0.864033706419 0.994215799262 0.663220341895 0.661914468323 0.999679369083 0.87139106756 0.743542808167 0.947593794778 0.684724510513 0.838745202037 0.858917042805 0.853508976675 0.987574223927 0.837009075314 0.962534175564 0.656027673705 0.649303123132 0.999846827928 0.676743600699 0.740162079475 0.680636140931 0.999941531002 0.992286147461 0.953795537139 0.859224649788 0.830316563744 0.999861570913 0.697604507041 0.636318919757 0.695756511082 0.960238001365 0.739734136017 0.789005880279 0.999901716553 0.925772953514 0.99752753421 0.985260933071 0.998143988417 0.943757237896 0.963171491199 0.997293218823 0.905301288541 0.777907510284 0.881714009355 0.999972287821 0.948332186016 0.626412169544 0.830962087099 0.935520486422 0.787465351971 0.854439686081 0.975868007139 0.902897266935 0.99943054994 0.788413154851 0.770612071585 0.999829200768 0.680199452361 0.922326266179 0.687152435055 0.762668458276 0.854023849959 0.698163651677 0.918716095079 0.815921763032 0.967712395788 0.998647795911 0.974159898567 0.642715003898 0.811177171853 0.935820728346 0.65700617822 0.917510667654 0.65224607047 0.697117678287 0.99823426123 0.716651131075 0.645556107098 0.977516730315 0.752130363538 0.640648708933 0.958402924561 0.852568006319 
0.864712976002 0.851592595373 0.775773612973 0.98192641127 0.998999622514 0.979549008552 0.983749107144 0.992731563467 0.91389107569 0.776211604065 0.840448716429 0.802115883221 0.811526443132 0.970423816044 1.0 0.872447315841 0.932925202209 0.957252262865 0.990614856354 0.803641781995 0.802486452583 0.976151604967 0.961645150186 0.871352391688 0.996555339322 0.822427702685 0.941244877882 0.954123126445 0.950752957916 0.996231008466 0.94009876103 0.999509853707 0.79725804769 0.791245369529 0.974445649735 0.815508800257 0.868644828739 0.81889130542 0.967799150395 0.992755219633 0.998045650863 0.954312904394 0.935628378828 0.966341296222 0.833457980092 0.779516189349 0.831885836446 0.999207301561 0.86830113606 0.906371560495 0.967000492833 0.989150219397 0.984859827367 0.997360075099 0.983198975646 0.995477458431 0.999582255065 0.985416089273 0.979997088018 0.898073736187 0.967581561508 0.968628264006 0.996749778522 0.770462833288 0.936063122714 0.992817691485 0.905230071826 0.951337432553 0.999711881753 0.978814007474 0.977925984305 0.905932766961 0.892527613615 0.974662452351 0.818512586006 0.987736459743 0.824519877569 0.886409141443 0.951076519534 0.833932962589 0.986196411619 0.925745253593 0.999937683583 0.981544302237 0.999868496524 0.785313570838 0.922411718259 0.992922206067 0.798129402785 0.985669304419 0.793882017334 0.833044164148 0.982926020543 0.849451775211 0.787876597368 0.999495126879 0.878168558383 0.783444816619 0.998921191906 0.950160177636 
0.99985929066 0.999013740265 0.982076617219 0.775329829764 0.85143955771 0.768500161158 0.780825370004 0.922518940719 0.995205943227 0.982224346139 0.997744301956 0.990013934263 0.992356853688 0.744914784115 0.872447315841 1.0 0.988847996661 0.974606884656 0.804428596844 0.990412229013 0.990111306242 0.759290778954 0.970971574193 0.999997123929 0.908004761184 0.994721076805 0.984906643757 0.976956331486 0.979287767315 0.830582612176 0.985499250832 0.886401743617 0.988699610866 0.986977104704 0.754872982319 0.993265104158 0.999965594034 0.993996511465 0.738715048255 0.813245996783 0.899664996039 0.97681909096 0.987656168833 0.735360898781 0.996708299103 0.983322306585 0.996450963145 0.890082331498 0.999959135099 0.99688478257 0.736870030509 0.932209260646 0.784302315442 0.837712145726 0.779140519886 0.912793207564 0.885352633429 0.786084139395 0.949668777708 0.998277673509 0.965324530273 0.740650342504 0.907052232786 0.980244777726 0.987456805159 0.922251839684 0.99710390212 0.978897375021 0.861325890078 0.951461151578 0.764027135509 0.99697008729 0.998963415366 0.755427505091 0.993916471665 0.935451944001 0.995130098841 0.999509321655 0.97907235031 0.996784312247 0.938707462214 0.991639920006 0.877495750556 0.774207813986 0.864973089617 0.98517661143 0.992766214425 0.921925037249 0.98894050487 0.939763786178 0.987745321047 0.996641417063 0.778313198543 0.998807678586 0.985966730199 0.85764906212 0.999919796157 0.984588988995 0.892918376966 0.979677955429 
0.986227880168 0.98132210994 0.943853682892 0.853132607185 0.916582308854 0.847176277304 0.857897661394 0.968783166305 0.998663022621 0.944107711978 0.976737075107 0.958420050261 0.96325299056 0.826327221643 0.932925202209 0.988847996661 1.0 0.997036473005 0.878065989854 0.959217565919 0.958614215291 0.83908585115 0.995688321147 0.98849003411 0.958942332928 0.968587551398 0.999696479414 0.99781330027 0.998497870379 0.89979340922 0.999776229382 0.943412299035 0.955846202525 0.952588423665 0.835181563637 0.965235420772 0.987586285341 0.966889020315 0.820778119247 0.885468322734 0.953059612023 0.997770199833 0.999969212333 0.817764532124 0.97367920184 0.946011849112 0.972973083436 0.946122805773 0.987469697514 0.997498972591 0.819121419541 0.975020470362 0.860899356092 0.905590069492 0.856439438922 0.96224832874 0.942635258118 0.862433634398 0.98538218565 0.995863735453 0.993305142767 0.822513277709 0.958278248187 0.940743074743 0.999958388681 0.968607165275 0.997295000906 0.998389802474 0.924350224571 0.986366800642 0.843255018365 0.997421384342 0.994583785999 0.835672444185 0.966705274651 0.977037848579 0.969577582376 0.993011263538 0.998438581056 0.973891224669 0.979024043147 0.999796278865 0.936756046578 0.852156666524 0.927182144183 0.94929839751 0.999571884041 0.968391545304 0.956311748399 0.979659610052 0.954026691844 0.973493984828 0.855722531126 0.980469959493 0.950729097479 0.921476559252 0.990645996754 0.948246582646 0.948194346181 0.998603077656 
0.970768964187 0.963884715195 0.916728817844 0.88835530225 0.943730694203 0.88298917431 0.892631150284 0.984837469301 0.991743151559 0.917031537791 0.957698783513 0.934362279953 0.940362813013 0.864033706419 0.957252262865 0.974606884656 0.997036473005 1.0 0.910545641773 0.935346438177 0.934601677732 0.875664296394 0.999873318647 0.974074070605 0.977670310107 0.947100811211 0.998627830803 0.999940851376 0.999753326868 0.92945886955 0.998439476857 0.965680277399 0.931200992452 0.927230094494 0.872115211211 0.942851457408 0.972741454363 0.944940841426 0.858946728272 0.917038556416 0.973210338389 0.999947705787 0.997608721021 0.856177198245 0.953671291787 0.919305479361 0.952750641445 0.967819894121 0.972570780249 0.989134969065 0.857424790537 0.989124469482 0.895316601667 0.934424300961 0.891324286049 0.980123721591 0.96506374219 0.896686762656 0.995538273678 0.985971830797 0.999245086895 0.860539174407 0.977172614958 0.913033769738 0.997695976037 0.984713203269 0.988716878661 0.999794521739 0.950209548019 0.99607848407 0.879444028054 0.988974919053 0.983705749695 0.872561928212 0.944708034473 0.990454612463 0.948366685864 0.981075495907 0.999776568763 0.953948381067 0.991731456234 0.99528424776 0.960356612905 0.887477662757 0.952548923679 0.923251323047 0.994365127016 0.984560743008 0.931771157882 0.992132454792 0.928979196162 0.953429482585 0.890681253586 0.962719560524 0.92497784018 0.947823002616 0.977332210646 0.921985508979 0.969443038748 0.999707967835 
0.795462528273 0.780424127405 0.696851566023 0.998561129844 0.99572301447 0.997826989066 0.999045886695 0.967236621968 0.854062585709 0.697320887159 0.767805756591 0.725330030887 0.735636001463 0.994215799262 0.990614856354 0.804428596844 0.878065989854 0.910545641773 1.0 0.726996141492 0.725734477122 0.996611915119 0.916725933354 0.803154464209 0.976004213045 0.747669639168 0.888899184727 0.906214594129 0.901608958768 0.998729504707 0.88739216674 0.985880689008 0.720038299414 0.713514285013 0.99593941981 0.740019866238 0.800010684469 0.743754315949 0.993000350381 0.999859957511 0.980222591661 0.90647570839 0.881559684042 0.992298083524 0.75995674299 0.70086624637 0.758198324331 0.984430925738 0.799612316411 0.844823252449 0.992617908535 0.960190891198 0.999302777 0.997914486754 0.99890744893 0.973324534805 0.986277872006 0.999419249588 0.944365915965 0.834761050762 0.925296176461 0.993391328609 0.976514102268 0.691171587703 0.882123827582 0.967416238549 0.843431075869 0.902403563351 0.993599729274 0.942459111224 0.997268686813 0.844287781571 0.828106551261 0.9960269747 0.743335685612 0.957583576379 0.749991373738 0.820825966926 0.902048639085 0.760488483083 0.954826038688 0.868896211889 0.989035633005 0.998450457628 0.992693038108 0.707105066822 0.864688697813 0.967635000346 0.720986099252 0.95389952738 0.716371712448 0.759493660331 0.998836162493 0.777989484438 0.709871137135 0.994445370336 0.81111335374 0.705091336397 0.983252357759 0.90080476676 
0.99258158932 0.995555601666 0.998680934328 0.69549820761 0.779435077969 0.688196105267 0.701397935568 0.864132318705 0.972341677332 0.998721286993 0.997439674997 0.999995887029 0.999888487191 0.663220341895 0.803641781995 0.990412229013 0.959217565919 0.935346438177 0.726996141492 1.0 0.999997640761 0.678400372314 0.929800856219 0.990739158131 0.84609561241 0.9993550109 0.952132184708 0.939017879051 0.942741075518 0.755905011709 0.953165885996 0.820052401832 0.999928560072 0.999733073079 0.673721337004 0.999745693707 0.991519205646 0.99957761245 0.656714009098 0.736674224298 0.835939611854 0.938801307675 0.957018454881 0.653203753364 0.998342243309 0.99900620067 0.998516822128 0.824430956412 0.991615366535 0.976559775582 0.654782282081 0.876478491854 0.705141963979 0.763897011649 0.699586849584 0.851992084487 0.818808357866 0.707064132926 0.899526844861 0.980680814595 0.921453642458 0.658742477113 0.844928542208 0.998143953127 0.956655858938 0.863795742156 0.977158618928 0.942111560653 0.790757969212 0.901965688954 0.683431140318 0.976791220653 0.983150496534 0.67430795098 0.999598595232 0.880673842605 0.999200378798 0.985630450424 0.942393394696 0.99828747571 0.884921720136 0.9646249637 0.809545637049 0.694296328789 0.794965356934 0.999421615819 0.966938304414 0.863384191009 0.999946659402 0.886308201869 0.999833882793 0.998389191029 0.698698295951 0.995961589889 0.999570450498 0.786533187178 0.988593232858 0.999299567579 0.827820205796 0.943372858279 
0.992316167973 0.995349160865 0.998790044262 0.694210278125 0.778238910397 0.686903350318 0.700114243374 0.863116460538 0.971839264272 0.998828681844 0.997282192494 0.999999757871 0.999853691702 0.661914468323 0.802486452583 0.990111306242 0.958614215291 0.934601677732 0.725734477122 0.999997640761 1.0 0.67710185681 0.929028387895 0.990443295969 0.845031725327 0.999274676593 0.951482362927 0.938292363332 0.942035879987 0.754675834054 0.952522566781 0.818929181337 0.999952164788 0.999780895005 0.67242035264 0.999694357161 0.991235807704 0.999512141127 0.655405550683 0.735422499737 0.834851275635 0.938074635534 0.956400185111 0.65189403939 0.998214974895 0.999100618439 0.998396297652 0.823316960545 0.991333545761 0.976095556354 0.653473120742 0.875499315172 0.70386112033 0.7626783512 0.698301824099 0.850943222507 0.817682568549 0.705784800375 0.89862598635 0.980257814307 0.920642219885 0.657434788511 0.843861755199 0.99827376837 0.956035174195 0.862778929566 0.976700125524 0.941402869545 0.789579986159 0.901073978668 0.682135482332 0.976329204627 0.982754550716 0.673007266236 0.999534710431 0.879707912623 0.999111209823 0.985263924895 0.941686265467 0.998158166159 0.883969635821 0.964060483638 0.808401424211 0.693007573408 0.793794535902 0.999493108023 0.966391527727 0.862366214549 0.999966735575 0.885360734364 0.999871113167 0.998263699526 0.6974126269 0.99576463261 0.999631741868 0.785348235892 0.988265673204 0.999378472029 0.826713550204 0.942671196262 
0.749790778462 0.733942107397 0.64752399676 0.999587566477 0.984808595073 0.999865083867 0.999251680148 0.943676837788 0.812677257963 0.648002405158 0.72072132801 0.676685716152 0.687307854965 0.999679369083 0.976151604967 0.759290778954 0.83908585115 0.875664296394 0.996611915119 0.678400372314 0.67710185681 1.0 0.882764759001 0.757938360478 0.955194308138 0.699759852244 0.851164262794 0.870718566685 0.865484630143 0.991219315794 0.849477372308 0.968983514747 0.671246246786 0.664553383603 0.999969410046 0.691837878963 0.75460486459 0.69570245754 0.999347195036 0.995099296641 0.960946204084 0.871016070062 0.842969251043 0.999119864911 0.712531306239 0.651618704404 0.710699920053 0.966880348379 0.754182803314 0.802625479204 0.999226255297 0.934727267684 0.998986278513 0.989252998488 0.999365470939 0.951619504314 0.969566030666 0.998834157916 0.915292626563 0.791742026615 0.892703529531 0.999463208211 0.955880942645 0.64173961192 0.84359735667 0.943908099036 0.801115834012 0.866385838439 0.981031307891 0.912998984651 0.999964491597 0.802044676993 0.784578534129 0.999976593747 0.695268979894 0.931468604548 0.702168596028 0.776770505841 0.865983206881 0.713085356018 0.928049123473 0.828943394513 0.973699438362 0.999643716222 0.979507349079 0.657992295027 0.824312578971 0.944189991843 0.672219791909 0.926906007117 0.667482975969 0.712048887168 0.999417832688 0.731385884999 0.660822224977 0.98249530721 0.766399744534 0.655933668273 0.965194815254 0.864573292598 
0.966889736252 0.959610583665 0.910548616182 0.895149301309 0.948736962651 0.889916301709 0.899315113642 0.987456534943 0.989587002182 0.910860785898 0.953106401569 0.928780129529 0.935009738068 0.87139106756 0.961645150186 0.970971574193 0.995688321147 0.999873318647 0.916725933354 0.929800856219 0.929028387895 0.882764759001 1.0 0.970403699876 0.980858995914 0.942024036747 0.997668753741 0.999641092076 0.999273291149 0.935016744147 0.99742526849 0.969628415648 0.925503872819 0.921393672086 0.879296367 0.937597925288 0.968985144284 0.939773109601 0.866409899786 0.923016987684 0.976703503819 0.999658281616 0.996384244435 0.863696395062 0.948886736274 0.913206546691 0.947923627587 0.971645128232 0.968803637549 0.986685374049 0.864918885027 0.991330039335 0.901929576644 0.939799522524 0.898042264752 0.983130409551 0.969046465838 0.903262940531 0.996911727577 0.983212650619 0.999736776495 0.867969632212 0.980396859208 0.906740260315 0.996491627077 0.987343260214 0.986223843707 0.999345320899 0.954934960218 0.997358666112 0.886456218928 0.986508592264 0.980747246763 0.879733041466 0.939530638228 0.992514866643 0.943344336285 0.977903630289 0.999313581409 0.949176707348 0.993641926694 0.993619142346 0.964592314826 0.894293805901 0.957167294123 0.917280641221 0.992558116356 0.98720422009 0.926094499401 0.993993440833 0.923203456871 0.948633724664 0.89741584401 0.95838311303 0.919064788467 0.952654423825 0.97388305685 0.915973169381 0.973171858603 0.999196836401 
0.999896645293 0.999117312277 0.982521860779 0.774002161817 0.850279754027 0.767161563511 0.779506931038 0.921628129652 0.994969108917 0.982667788876 0.997902263006 0.990347544218 0.992648869111 0.743542808167 0.871352391688 0.999997123929 0.98849003411 0.974074070605 0.803154464209 0.990739158131 0.990443295969 0.757938360478 0.970403699876 1.0 0.907045914721 0.994963704267 0.984491926842 0.976447704365 0.978804537992 0.82936734835 0.985092515029 0.8853557953 0.989054329181 0.987357616339 0.753514296909 0.99353923061 0.99998261283 0.994255305956 0.737335367297 0.811990490774 0.898670720349 0.976309014145 0.987280056841 0.733977227003 0.996899569058 0.983752103635 0.996649641294 0.889050188656 0.999977940954 0.996693066073 0.735488139031 0.931369224904 0.782989920523 0.836514924687 0.777819209605 0.911855853631 0.884302821049 0.784774904501 0.948934342673 0.998134231775 0.964706866725 0.739273020659 0.906089214477 0.980711713242 0.987077749065 0.921359694665 0.996918917127 0.978409786741 0.860195394707 0.950738833179 0.762681695645 0.99678096195 0.998851430973 0.754069593624 0.994176989139 0.934630023154 0.995363094505 0.999431345054 0.978586710194 0.996973338116 0.937904358915 0.991328939745 0.876417956846 0.772878309799 0.863853943898 0.985582216052 0.992476490091 0.921031264617 0.98929145482 0.938966932014 0.988114566806 0.996834639886 0.776990491954 0.998921826565 0.986361535146 0.856507423263 0.999886546891 0.985002427427 0.891897144085 0.979199128159 
0.901210299941 0.88957698431 0.820248858553 0.96314060097 0.99186499139 0.95982771664 0.965727968967 0.999289028614 0.943422761703 0.82065792828 0.879599098446 0.844690339476 0.8533374377 0.947593794778 0.996555339322 0.908004761184 0.958942332928 0.977670310107 0.976004213045 0.84609561241 0.845031725327 0.955194308138 0.980858995914 0.907045914721 1.0 0.863293867344 0.965515649899 0.975355322697 0.972825869999 0.985657740187 0.964619104772 0.998661343559 0.840208571795 0.834644955939 0.952905592451 0.856982354027 0.904670516825 0.860071319127 0.944182286634 0.97947386923 0.999789417486 0.975496677464 0.961094169934 0.942303859827 0.873297810312 0.823741484944 0.871876462393 0.999065215996 0.904368552918 0.937141530622 0.943151842341 0.997913268133 0.967328078749 0.987938974038 0.964942256239 0.999926314273 0.998534114643 0.968136838412 0.993067776939 0.93012756618 0.985034553306 0.945255694893 0.999997161624 0.815281890027 0.961438852201 0.999315919889 0.936181593221 0.973267074039 0.994283317759 0.992356977913 0.957600754557 0.936772719198 0.925395593249 0.953195186209 0.859725786429 0.997264190481 0.865196956129 0.920137623524 0.97307024531 0.873726931115 0.99650676541 0.953159204917 0.997417853819 0.962603686004 0.995082721636 0.829138893305 0.950443480233 0.999348064366 0.841013353618 0.996236983113 0.837086886226 0.872923835368 0.964553994029 0.887666800878 0.83152004061 0.993425976023 0.912998047985 0.827400786596 0.999330046781 0.972377351937 
0.99629929118 0.998292477071 0.99619645388 0.716656182321 0.798938156039 0.709445239999 0.722476586185 0.880503472295 0.980017140658 0.996265068203 0.999363581331 0.999247944949 0.999779784547 0.684724510513 0.822427702685 0.994721076805 0.968587551398 0.947100811211 0.747669639168 0.9993550109 0.999274676593 0.699759852244 0.942024036747 0.994963704267 0.863293867344 1.0 0.962284320052 0.950446968517 0.953826986568 0.775993722458 0.963208497397 0.838278473885 0.998854624231 0.998259312457 0.695128784154 0.999910649805 0.995536168689 0.999976511789 0.678270646542 0.757167587887 0.853560478719 0.95024993609 0.966639398883 0.674786364867 0.999764966126 0.99676386386 0.99982773326 0.842496711516 0.995606068057 0.98359550252 0.676353414423 0.892220308833 0.726167603458 0.783798402239 0.720690395872 0.868931180054 0.837079112776 0.728061741891 0.91393055726 0.987026984627 0.934336914762 0.680283361754 0.862176863164 0.995318386152 0.966317438403 0.880183296025 0.984098505721 0.953256486612 0.809940884495 0.916213534432 0.704735642206 0.983790067886 0.989044535137 0.695709550523 0.999971231857 0.896188828571 0.999991691244 0.991033230252 0.953511950824 0.999744043695 0.900199850108 0.973341714517 0.828137386005 0.715469838218 0.814022556644 0.997557306952 0.97535783091 0.879791746016 0.998931000919 0.901507403481 0.998534956717 0.999782451459 0.719813879472 0.998540904478 0.997874420566 0.805838615417 0.993346006594 0.997313010387 0.845758541542 0.954399122443 
0.981891007191 0.976341454515 0.93569644754 0.864800940062 0.925776274496 0.859023374913 0.86941755298 0.974517890278 0.997088237053 0.935966558219 0.971234362968 0.951273331109 0.956489711426 0.838745202037 0.941244877882 0.984906643757 0.999696479414 0.998627830803 0.888899184727 0.952132184708 0.951482362927 0.851164262794 0.997668753741 0.984491926842 0.965515649899 0.962284320052 1.0 0.999138092455 0.999544336039 0.909763622293 0.999993931861 0.951091383927 0.948506315901 0.945013809071 0.847367071616 0.958638183124 0.983448925368 0.960434628158 0.833334725983 0.896023262213 0.96007799094 0.999110927431 0.999859007185 0.830394226416 0.967859780656 0.937992790933 0.967083535367 0.95362393515 0.983314770903 0.99545884997 0.831718394216 0.980141744203 0.872323166269 0.915304361186 0.868005282617 0.968554542625 0.950364348546 0.873807545457 0.989257429485 0.993330508851 0.99584371591 0.835027106248 0.96490365827 0.932392705696 0.999879613385 0.974358142406 0.995185823383 0.999483922566 0.933145246257 0.990101438115 0.855215842265 0.995354669033 0.991731873116 0.847844644779 0.960234805055 0.981942621749 0.963364668025 0.989817145617 0.999511396974 0.968093068731 0.983705168025 0.998995805828 0.944849936425 0.863854798528 0.935824497393 0.941496827678 0.998548199307 0.974162363407 0.949006276331 0.984266738866 0.946554422108 0.967656066519 0.867310795179 0.975387314019 0.943025035872 0.93042244251 0.98700545213 0.940374444571 0.955555601064 0.999601465335 
